Community#  Node#
         4   4
         5   5
         5   16
         5   6
         7   7
        10   10
        11   11
        12   12
        17   17
        19   19
        21   21
        33   33
        33   32
        33   30
        33   29
        33   26
        33   23
        33   22
        33   20
        33   18
        33   15
        33   14
        33   9
        33   8
        33   31
        33   28
        33   27
        33   25
        33   24
        33   2
        33   13
        33   3
        33   1
        33   0
