Community#  Node#
         0   0
         0   11
         0   10
         0   5
         0   4
         0   21
         0   17
         0   16
         0   12
         0   6
         0   3
         0   1
         0   19
         0   13
         0   7
         0   2
        33   33
        33   32
        33   30
        33   29
        33   26
        33   23
        33   22
        33   20
        33   18
        33   15
        33   14
        33   9
        33   8
        33   31
        33   28
        33   27
        33   25
        33   24
        33   2
        33   13
