Community#  Node#
         0   0
         0   11
         1   1
         3   3
         4   4
         5   5
         5   16
         5   6
         7   7
        10   10
        12   12
        13   13
        17   17
        19   19
        21   21
        28   28
        31   31
        33   33
        33   26
        33   32
        33   30
        33   29
        33   23
        33   22
        33   20
        33   18
        33   15
        33   14
        33   9
        33   8
        33   27
        33   25
        33   24
        33   2
